23857
86930
39679
63341
61872
87945
24593
36991
23355
11431
91757
74935
63677
96223
95925
48512
75467
84694
99836
44966
81221
32503
8325
29303
9896
97490
70607
74444
53968
87480
84
80086
7354
38412
2643
51951
4420
28611
72188
63451
6986
76486
9806
76859
56553
23554
72329
9279
27327
29832
8200
87659
89993
26467
7980
46601
61478
79783
89771
83722
16807
81900
86536
79569
3384
8913
16315
89336
1392
71008
70964
14850
22061
71589
2980
41891
68749
81741
87483
12516
96008
3299
57164
63571
87456
93597
14427
41344
84290
65875
31258
43377
37428
72455
71654
11768
27309
26879
45369
54882
