62 57 58
53 62 56
65 50 77
73 54 53
57 58 66
91 86 98
52 60 50
86 86 84
82 81 70
80 91 84
60 84 75
88 104 96
62 66 70
101 90 104
83 94 75
88 95 112
83 74 91
99 94 79
67 61 59
72 68 69
75 75 99
53 66 61
75 66 69
86 87 89
52 59 51
78 69 68
92 85 86
78 92 78
62 51 56
79 88 88
78 79 72
61 48 55
58 67 65
82 71 68
51 59 45
69 67 87
74 78 72
66 54 60
62 68 55
105 91 93
94 70 84
92 92 89
69 75 56
57 79 74
73 63 71
57 51 55
93 99 98
68 88 74
72 61 48
88 70 71
92 92 83
98 83 90
88 82 99
84 106 99
62 64 61
72 72 76
91 81 94
58 52 46
104 101 89
78 88 94
48 47 63
71 57 55
72 75 81
62 68 49
61 75 60
61 65 50
72 65 88
105 85 79
90 80 91
53 76 64
85 84 94
92 85 86
77 86 83
70 56 62
63 70 71
92 97 100
83 90 100
100 99 79
66 58 63
72 77 68
59 59 54
90 78 91
96 86 88
69 73 79
105 89 76
82 95 87
62 70 73
63 58 68
98 89 112
82 76 67
64 71 75
82 87 90
87 76 95
92 86 70
57 57 58
53 50 49
87 79 86
57 66 79
72 71 71
58 54 56
